0.0,2.0,7.07,1.0,2.83,3.61,2.24,3.16
2.0,0.0,5.83,2.24,2.0,5.39,1.0,3.16
7.07,5.83,0.0,6.4,7.62,10.63,6.71,4.47
1.0,2.24,6.4,0.0,3.61,4.24,2.83,2.24
2.83,2.0,7.62,3.61,0.0,5.0,1.0,5.1
3.61,5.39,10.63,4.24,5.0,0.0,5.1,6.4
2.24,1.0,6.71,2.83,1.0,5.1,0.0,4.12
3.16,3.16,4.47,2.24,5.1,6.4,4.12,0.0
87.75,87.75,87.75,87.75,87.75,87.75,87.75,87.75
