0.0,7.07,5.83,6.08,6.71,2.24,2.83
7.07,0.0,7.21,10.63,8.06,9.22,5.83
5.83,7.21,0.0,4.12,1.0,6.4,3.16
6.08,10.63,4.12,0.0,4.0,5.1,5.0
6.71,8.06,1.0,4.0,0.0,7.07,4.12
2.24,9.22,6.4,5.1,7.07,0.0,4.12
2.83,5.83,3.16,5.0,4.12,4.12,0.0
86.85000000000001,86.85000000000001,86.85000000000001,86.85000000000001,86.85000000000001,86.85000000000001,86.85000000000001
