0.0,8.94,10.0,8.0,9.0,5.0,2.0,5.83,3.61
8.94,0.0,2.0,8.94,9.43,5.0,8.25,3.16,6.08
10.0,2.0,0.0,8.25,8.54,6.71,8.94,4.24,6.71
8.0,8.94,8.25,0.0,1.0,9.43,6.0,7.07,5.39
9.0,9.43,8.54,1.0,0.0,10.3,7.0,7.81,6.32
5.0,5.0,6.71,9.43,10.3,0.0,5.39,3.0,4.24
2.0,8.25,8.94,6.0,7.0,5.39,0.0,5.1,2.24
5.83,3.16,4.24,7.07,7.81,3.0,5.1,0.0,3.0
3.61,6.08,6.71,5.39,6.32,4.24,2.24,3.0,0.0
166.44,166.44,166.44,166.44,166.44,166.44,166.44,166.44,166.44
