0.0,4.47,5.66,5.0,5.0,7.62,7.28,4.0
4.47,0.0,6.0,5.0,5.0,5.83,5.0,4.47
5.66,6.0,0.0,1.0,9.85,3.16,3.61,8.94
5.0,5.0,1.0,0.0,8.94,3.0,3.16,8.06
5.0,5.0,9.85,8.94,0.0,10.63,9.9,1.0
7.62,5.83,3.16,3.0,10.63,0.0,1.0,9.9
7.28,5.0,3.61,3.16,9.9,1.0,0.0,9.22
4.0,4.47,8.94,8.06,1.0,9.9,9.22,0.0
121.27499999999999,121.27499999999999,121.27499999999999,121.27499999999999,121.27499999999999,121.27499999999999,121.27499999999999,121.27499999999999
