0.0,7.07,5.83,6.32,8.49,3.61,10.3,2.0
7.07,0.0,5.66,10.3,5.1,9.22,8.25,9.06
5.83,5.66,0.0,5.1,3.16,5.39,4.47,7.07
6.32,10.3,5.1,0.0,8.0,3.0,7.62,6.0
8.49,5.1,3.16,8.0,0.0,8.54,3.16,10.0
3.61,9.22,5.39,3.0,8.54,0.0,9.22,3.0
10.3,8.25,4.47,7.62,3.16,9.22,0.0,11.4
2.0,9.06,7.07,6.0,10.0,3.0,11.4,0.0
139.755,139.755,139.755,139.755,139.755,139.755,139.755,139.755
