0.0,3.16,8.25,6.71,7.81,9.49,5.66,9.85,7.62
3.16,0.0,5.1,3.61,6.71,6.32,5.1,7.81,5.66
8.25,5.1,0.0,2.24,7.28,1.41,7.21,6.08,5.1
6.71,3.61,2.24,0.0,8.0,3.0,7.28,7.62,6.08
7.81,6.71,7.28,8.0,0.0,8.54,2.24,3.16,2.24
9.49,6.32,1.41,3.0,8.54,0.0,8.6,7.0,6.32
5.66,5.1,7.21,7.28,2.24,8.6,0.0,5.0,3.16
9.85,7.81,6.08,7.62,3.16,7.0,5.0,0.0,2.24
7.62,5.66,5.1,6.08,2.24,6.32,3.16,2.24,0.0
156.495,156.495,156.495,156.495,156.495,156.495,156.495,156.495,156.495
