0.0,6.08,4.0,6.08,5.1,5.83,1.41,8.06
6.08,0.0,7.81,9.9,2.24,4.12,7.0,5.1
4.0,7.81,0.0,2.24,5.83,5.1,5.1,7.0
6.08,9.9,2.24,0.0,7.81,6.71,7.0,8.25
5.1,2.24,5.83,7.81,0.0,2.0,6.32,3.61
5.83,4.12,5.1,6.71,2.0,0.0,7.21,2.24
1.41,7.0,5.1,7.0,6.32,7.21,0.0,9.43
8.06,5.1,7.0,8.25,3.61,2.24,9.43,0.0
118.93499999999999,118.93499999999999,118.93499999999999,118.93499999999999,118.93499999999999,118.93499999999999,118.93499999999999,118.93499999999999
