0.0,4.24,5.1,5.66,2.0,2.0
4.24,0.0,2.83,7.07,3.16,5.83
5.1,2.83,0.0,5.1,5.1,7.07
5.66,7.07,5.1,0.0,7.21,7.21
2.0,3.16,5.1,7.21,0.0,2.83
2.0,5.83,7.07,7.21,2.83,0.0
54.307500000000005,54.307500000000005,54.307500000000005,54.307500000000005,54.307500000000005,54.307500000000005
