0.0,1.0,3.16,3.0,9.85,10.0,6.32,7.81
1.0,0.0,2.24,2.0,9.49,9.22,5.39,7.07
3.16,2.24,0.0,1.0,8.06,7.07,3.16,5.0
3.0,2.0,1.0,0.0,9.06,7.81,3.61,5.83
9.85,9.49,8.06,9.06,0.0,5.0,7.28,4.47
10.0,9.22,7.07,7.81,5.0,0.0,4.47,2.24
6.32,5.39,3.16,3.61,7.28,4.47,0.0,3.0
7.81,7.07,5.0,5.83,4.47,2.24,3.0,0.0
115.20750000000001,115.20750000000001,115.20750000000001,115.20750000000001,115.20750000000001,115.20750000000001,115.20750000000001,115.20750000000001
