0.0,8.06,10.63,8.25,5.0,7.21,9.49,7.07
8.06,0.0,6.0,9.22,4.47,3.61,9.43,5.0
10.63,6.0,0.0,6.08,5.66,3.61,5.39,3.61
8.25,9.22,6.08,0.0,5.39,5.66,1.41,4.24
5.0,4.47,5.66,5.39,0.0,2.24,6.08,2.24
7.21,3.61,3.61,5.66,2.24,0.0,5.83,1.41
9.49,9.43,5.39,1.41,6.08,5.83,0.0,4.47
7.07,5.0,3.61,4.24,2.24,1.41,4.47,0.0
117.57,117.57,117.57,117.57,117.57,117.57,117.57,117.57
