0.0,4.0,4.12,3.61,5.0,5.66,4.12,2.24,2.0
4.0,0.0,8.06,2.24,8.06,8.94,5.0,2.24,2.0
4.12,8.06,0.0,7.07,5.1,5.0,7.07,6.32,6.08
3.61,2.24,7.07,0.0,8.49,9.22,6.32,3.16,2.24
5.0,8.06,5.1,8.49,0.0,1.0,4.0,5.83,6.4
5.66,8.94,5.0,9.22,1.0,0.0,5.0,6.71,7.21
4.12,5.0,7.07,6.32,4.0,5.0,0.0,3.16,4.12
2.24,2.24,6.32,3.16,5.83,6.71,3.16,0.0,1.0
2.0,2.0,6.08,2.24,6.4,7.21,4.12,1.0,0.0
133.3425,133.3425,133.3425,133.3425,133.3425,133.3425,133.3425,133.3425,133.3425
