0.0,7.62,9.0,7.07,4.47,8.0,7.0,8.6,3.61
7.62,0.0,9.22,2.83,5.1,8.6,8.06,2.0,5.0
9.0,9.22,0.0,6.4,5.39,1.0,2.0,8.06,6.32
7.07,2.83,6.4,0.0,3.16,5.83,5.39,2.0,3.61
4.47,5.1,5.39,3.16,0.0,4.47,3.61,5.1,1.0
8.0,8.6,1.0,5.83,4.47,0.0,1.0,7.62,5.39
7.0,8.06,2.0,5.39,3.61,1.0,0.0,7.28,4.47
8.6,2.0,8.06,2.0,5.1,7.62,7.28,0.0,5.39
3.61,5.0,6.32,3.61,1.0,5.39,4.47,5.39,0.0
143.0025,143.0025,143.0025,143.0025,143.0025,143.0025,143.0025,143.0025,143.0025
