0.0,8.6,7.28,9.22,6.32,2.24
8.6,0.0,3.0,2.24,5.1,6.4
7.28,3.0,0.0,5.1,6.4,5.1
9.22,2.24,5.1,0.0,4.12,7.21
6.32,5.1,6.4,4.12,0.0,5.0
2.24,6.4,5.1,7.21,5.0,0.0
62.49750000000001,62.49750000000001,62.49750000000001,62.49750000000001,62.49750000000001,62.49750000000001
