0.0,1.0,9.43,6.0,5.1,3.61,8.94
1.0,0.0,8.94,6.08,4.12,4.47,8.54
9.43,8.94,0.0,5.39,7.0,10.0,1.0
6.0,6.08,5.39,0.0,7.07,5.0,4.47
5.1,4.12,7.0,7.07,0.0,8.06,7.07
3.61,4.47,10.0,5.0,8.06,0.0,9.22
8.94,8.54,1.0,4.47,7.07,9.22,0.0
97.8825,97.8825,97.8825,97.8825,97.8825,97.8825,97.8825
