0.0,6.32,3.16,9.43,6.08,2.83,3.61,6.08
6.32,0.0,5.1,7.28,3.0,4.0,3.0,9.43
3.16,5.1,0.0,10.63,6.4,1.41,2.24,9.0
9.43,7.28,10.63,0.0,4.47,9.22,8.6,7.07
6.08,3.0,6.4,4.47,0.0,5.0,4.24,7.07
2.83,4.0,1.41,9.22,5.0,0.0,1.0,8.06
3.61,3.0,2.24,8.6,4.24,1.0,0.0,8.25
6.08,9.43,9.0,7.07,7.07,8.06,8.25,0.0
121.48499999999999,121.48499999999999,121.48499999999999,121.48499999999999,121.48499999999999,121.48499999999999,121.48499999999999,121.48499999999999
