0.0,2.24,3.16,3.61,5.1,6.32,7.0
2.24,0.0,1.0,4.0,3.0,7.0,5.1
3.16,1.0,0.0,4.12,2.0,7.07,4.12
3.61,4.0,4.12,0.0,5.0,3.0,5.83
5.1,3.0,2.0,5.0,0.0,7.62,2.24
6.32,7.0,7.07,3.0,7.62,0.0,7.81
7.0,5.1,4.12,5.83,2.24,7.81,0.0
72.255,72.255,72.255,72.255,72.255,72.255,72.255
