0.0,5.1,3.0,5.1,3.61,5.0,4.12
5.1,0.0,8.06,7.21,5.0,8.54,2.24
3.0,8.06,0.0,6.4,5.83,4.0,7.07
5.1,7.21,6.4,0.0,2.24,9.85,5.0
3.61,5.0,5.83,2.24,0.0,8.6,2.83
5.0,8.54,4.0,9.85,8.6,0.0,8.6
4.12,2.24,7.07,5.0,2.83,8.6,0.0
88.05000000000001,88.05000000000001,88.05000000000001,88.05000000000001,88.05000000000001,88.05000000000001,88.05000000000001
