0.0,2.24,8.06,9.06,5.1,8.6
2.24,0.0,6.32,7.0,6.08,7.81
8.06,6.32,0.0,2.24,8.06,4.12
9.06,7.0,2.24,0.0,10.0,6.32
5.1,6.08,8.06,10.0,0.0,6.0
8.6,7.81,4.12,6.32,6.0,0.0
72.75750000000001,72.75750000000001,72.75750000000001,72.75750000000001,72.75750000000001,72.75750000000001
