0.0,2.0,5.83,1.0,5.0,5.0,7.07,8.06,6.71
2.0,0.0,7.62,1.0,6.4,7.0,9.06,8.54,7.81
5.83,7.62,0.0,6.71,2.24,3.0,2.83,6.4,3.61
1.0,1.0,6.71,0.0,5.66,6.0,8.06,8.25,7.21
5.0,6.4,2.24,5.66,0.0,4.47,5.0,4.47,2.0
5.0,7.0,3.0,6.0,4.47,0.0,2.24,8.94,6.32
7.07,9.06,2.83,8.06,5.0,2.24,0.0,9.22,6.4
8.06,8.54,6.4,8.25,4.47,8.94,9.22,0.0,2.83
6.71,7.81,3.61,7.21,2.0,6.32,6.4,2.83,0.0
149.97,149.97,149.97,149.97,149.97,149.97,149.97,149.97,149.97
