0.0,3.61,4.12,2.83,5.1,2.24,4.47
3.61,0.0,7.62,5.0,8.06,2.0,4.12
4.12,7.62,0.0,3.61,5.0,5.83,8.06
2.83,5.0,3.61,0.0,7.07,3.0,7.21
5.1,8.06,5.0,7.07,0.0,7.28,5.83
2.24,2.0,5.83,3.0,7.28,0.0,5.0
4.47,4.12,8.06,7.21,5.83,5.0,0.0
80.295,80.295,80.295,80.295,80.295,80.295,80.295
