0.0,7.62,5.66,10.63,6.32,8.0,1.41
7.62,0.0,3.16,4.12,5.83,3.16,7.21
5.66,3.16,0.0,5.0,2.83,5.66,5.83
10.63,4.12,5.0,0.0,6.08,7.0,10.63
6.32,5.83,2.83,6.08,0.0,8.49,7.07
8.0,3.16,5.66,7.0,8.49,0.0,7.07
1.41,7.21,5.83,10.63,7.07,7.07,0.0
96.58500000000002,96.58500000000002,96.58500000000002,96.58500000000002,96.58500000000002,96.58500000000002,96.58500000000002
