0.0,2.24,3.16,4.47,5.1,1.41
2.24,0.0,5.0,3.61,3.61,2.24
3.16,5.0,0.0,5.1,6.32,2.83
4.47,3.61,5.1,0.0,1.41,3.16
5.1,3.61,6.32,1.41,0.0,4.0
1.41,2.24,2.83,3.16,4.0,0.0
40.245,40.245,40.245,40.245,40.245,40.245
