0.0,5.39,1.0,6.32,5.83,7.28,6.0,4.0
5.39,0.0,4.47,5.0,1.0,2.0,2.24,5.39
1.0,4.47,0.0,6.08,5.0,6.32,5.0,4.12
6.32,5.0,6.08,0.0,4.24,6.4,7.21,2.83
5.83,1.0,5.0,4.24,0.0,2.24,3.16,5.1
7.28,2.0,6.32,6.4,2.24,0.0,2.24,7.28
6.0,2.24,5.0,7.21,3.16,2.24,0.0,7.21
4.0,5.39,4.12,2.83,5.1,7.28,7.21,0.0
97.76250000000002,97.76250000000002,97.76250000000002,97.76250000000002,97.76250000000002,97.76250000000002,97.76250000000002,97.76250000000002
