0.0,5.83,6.0,8.06,7.62,5.1
5.83,0.0,3.16,3.61,2.0,4.0
6.0,3.16,0.0,2.24,3.16,1.41
8.06,3.61,2.24,0.0,2.24,3.61
7.62,2.0,3.16,2.24,0.0,4.47
5.1,4.0,1.41,3.61,4.47,0.0
46.8825,46.8825,46.8825,46.8825,46.8825,46.8825
