0.0,5.39,8.94,5.83,5.39,5.0,3.16
5.39,0.0,3.61,3.61,4.0,6.32,4.12
8.94,3.61,0.0,5.1,6.71,9.43,7.07
5.83,3.61,5.1,0.0,7.28,9.0,2.83
5.39,4.0,6.71,7.28,0.0,2.83,6.4
5.0,6.32,9.43,9.0,2.83,0.0,7.28
3.16,4.12,7.07,2.83,6.4,7.28,0.0
89.475,89.475,89.475,89.475,89.475,89.475,89.475
