0.0,6.32,7.21,6.08,5.1,8.94,4.12,7.07
6.32,0.0,6.0,3.0,1.41,6.32,5.39,3.16
7.21,6.0,0.0,3.0,5.1,2.0,9.43,3.16
6.08,3.0,3.0,0.0,2.24,3.61,7.07,1.0
5.1,1.41,5.1,2.24,0.0,5.83,5.0,2.83
8.94,6.32,2.0,3.61,5.83,0.0,10.63,3.16
4.12,5.39,9.43,7.07,5.0,10.63,0.0,7.81
7.07,3.16,3.16,1.0,2.83,3.16,7.81,0.0
