0.0,5.66,9.06,1.41,6.4,8.06,2.0,6.71
5.66,0.0,5.83,4.24,1.0,6.4,4.47,2.24
9.06,5.83,0.0,8.0,6.4,2.24,9.06,7.81
1.41,4.24,8.0,0.0,5.0,7.28,1.41,5.39
6.4,1.0,6.4,5.0,0.0,7.21,5.0,1.41
8.06,6.4,2.24,7.28,7.21,0.0,8.54,8.6
2.0,4.47,9.06,1.41,5.0,8.54,0.0,5.0
6.71,2.24,7.81,5.39,1.41,8.6,5.0,0.0
