0.0,10.0,5.0,8.25,5.66,7.28,2.24
10.0,0.0,5.0,4.0,4.47,4.12,9.85
5.0,5.0,0.0,4.12,1.0,3.16,5.1
8.25,4.0,4.12,0.0,4.47,1.0,9.0
5.66,4.47,1.0,4.47,0.0,3.61,5.39
7.28,4.12,3.16,1.0,3.61,0.0,8.0
2.24,9.85,5.1,9.0,5.39,8.0,0.0
