0.0,5.83,7.07,2.83,1.41,7.07,6.08,6.4,7.07,3.61
5.83,0.0,2.0,7.07,5.66,5.66,4.12,1.0,4.47,2.24
7.07,2.0,0.0,7.62,7.21,4.47,6.08,1.0,6.32,3.61
2.83,7.07,7.62,0.0,4.24,5.83,8.54,7.28,9.49,5.0
1.41,5.66,7.21,4.24,0.0,8.0,5.0,6.4,6.0,3.61
7.07,5.66,4.47,5.83,8.0,0.0,9.43,5.0,10.0,5.39
6.08,4.12,6.08,8.54,5.0,9.43,0.0,5.1,1.0,4.24
6.4,1.0,1.0,7.28,6.4,5.0,5.1,0.0,5.39,2.83
7.07,4.47,6.32,9.49,6.0,10.0,1.0,5.39,0.0,5.0
3.61,2.24,3.61,5.0,3.61,5.39,4.24,2.83,5.0,0.0
