0.0,5.66,1.41,9.22,6.32,3.61
5.66,0.0,5.83,3.61,2.83,2.24
1.41,5.83,0.0,9.22,5.83,3.61
9.22,3.61,9.22,0.0,4.12,5.66
6.32,2.83,5.83,4.12,0.0,3.0
3.61,2.24,3.61,5.66,3.0,0.0
