0.0,7.28,7.07,5.1,9.9,3.16,4.12
7.28,0.0,7.81,3.61,5.0,6.08,8.25
7.07,7.81,0.0,8.94,6.0,4.0,3.61
5.1,3.61,8.94,0.0,8.25,5.66,7.81
9.9,5.0,6.0,8.25,0.0,7.21,8.54
3.16,6.08,4.0,5.66,7.21,0.0,2.24
4.12,8.25,3.61,7.81,8.54,2.24,0.0
