0.0,5.0,3.16,1.41,5.83,4.12,2.83
5.0,0.0,4.12,3.61,2.24,4.0,7.81
3.16,4.12,0.0,2.83,6.0,1.0,5.1
1.41,3.61,2.83,0.0,4.47,3.61,4.24
5.83,2.24,6.0,4.47,0.0,6.08,8.6
4.12,4.0,1.0,3.61,6.08,0.0,6.08
2.83,7.81,5.1,4.24,8.6,6.08,0.0
