0.0,2.24,11.31,9.49,10.3,7.0
2.24,0.0,9.22,8.06,8.54,6.32
11.31,9.22,0.0,5.1,3.16,8.06
9.49,8.06,5.1,0.0,2.0,3.61
10.3,8.54,3.16,2.0,0.0,5.39
7.0,6.32,8.06,3.61,5.39,0.0
