0.0,4.0,6.4,5.0,5.83,6.08,3.0
4.0,0.0,5.0,4.12,8.6,6.71,1.0
6.4,5.0,0.0,1.41,7.0,3.16,5.1
5.0,4.12,1.41,0.0,6.08,2.83,4.0
5.83,8.6,7.0,6.08,0.0,4.12,7.81
6.08,6.71,3.16,2.83,4.12,0.0,6.32
3.0,1.0,5.1,4.0,7.81,6.32,0.0
