0.0,2.0,5.0,3.16,1.41,7.28,4.0,6.32,3.61,2.24
2.0,0.0,5.39,3.16,1.41,8.06,6.0,6.0,2.24,1.0
5.0,5.39,0.0,2.24,6.08,2.83,6.4,2.24,4.24,6.32
3.16,3.16,2.24,0.0,4.0,5.0,5.83,3.16,2.24,4.12
1.41,1.41,6.08,4.0,0.0,8.54,5.1,7.07,3.61,1.0
7.28,8.06,2.83,5.0,8.54,0.0,7.28,4.12,7.07,8.94
4.0,6.0,6.4,5.83,5.1,7.28,0.0,8.49,7.28,6.08
6.32,6.0,2.24,3.16,7.07,4.12,8.49,0.0,4.12,7.0
3.61,2.24,4.24,2.24,3.61,7.07,7.28,4.12,0.0,3.16
2.24,1.0,6.32,4.12,1.0,8.94,6.08,7.0,3.16,0.0
