0.0,8.54,1.0,7.07,6.0,8.54,8.49,7.07,6.08
8.54,0.0,9.49,8.06,8.54,7.07,3.61,4.12,4.47
1.0,9.49,0.0,7.28,6.08,8.94,9.22,8.06,7.07
7.07,8.06,7.28,0.0,1.41,2.24,5.1,10.0,9.43
6.0,8.54,6.08,1.41,0.0,3.61,6.0,9.9,9.22
8.54,7.07,8.94,2.24,3.61,0.0,3.61,9.85,9.49
8.49,3.61,9.22,5.1,6.0,3.61,0.0,7.07,7.0
7.07,4.12,8.06,10.0,9.9,9.85,7.07,0.0,1.0
6.08,4.47,7.07,9.43,9.22,9.49,7.0,1.0,0.0
