0.0,5.83,9.43,7.07,2.0,10.3,5.1,9.06
5.83,0.0,3.61,2.0,5.1,4.47,4.47,5.66
9.43,3.61,0.0,3.0,8.54,1.0,7.0,6.08
7.07,2.0,3.0,0.0,5.83,4.0,4.0,7.21
2.0,5.1,8.54,5.83,0.0,9.49,3.16,9.49
10.3,4.47,1.0,4.0,9.49,0.0,8.0,6.0
5.1,4.47,7.0,4.0,3.16,8.0,0.0,10.0
9.06,5.66,6.08,7.21,9.49,6.0,10.0,0.0
