0.0,6.4,5.1,4.12,5.39,7.0,5.1,1.41,4.0
6.4,0.0,4.12,6.0,2.0,4.47,6.08,5.0,4.12
5.1,4.12,0.0,2.24,5.0,7.81,2.0,4.0,5.83
4.12,6.0,2.24,0.0,6.32,8.94,1.0,3.61,6.4
5.39,2.0,5.0,6.32,0.0,2.83,6.71,4.12,2.24
7.0,4.47,7.81,8.94,2.83,0.0,9.43,6.08,3.0
5.1,6.08,2.0,1.0,6.71,9.43,0.0,4.47,7.07
1.41,5.0,4.0,3.61,4.12,6.08,4.47,0.0,3.16
4.0,4.12,5.83,6.4,2.24,3.0,7.07,3.16,0.0
