0.0,8.6,4.24,2.0,7.0,5.0,6.71,7.07
8.6,0.0,4.47,7.07,5.0,4.12,2.24,4.0
4.24,4.47,0.0,3.16,5.0,1.0,3.0,4.47
2.0,7.07,3.16,0.0,5.0,4.12,5.0,5.1
7.0,5.0,5.0,5.0,0.0,5.66,3.16,1.0
5.0,4.12,1.0,4.12,5.66,0.0,3.16,5.0
6.71,2.24,3.0,5.0,3.16,3.16,0.0,2.24
7.07,4.0,4.47,5.1,1.0,5.0,2.24,0.0
