0.0,9.06,4.24,8.49,5.1,7.21,3.16,2.24
9.06,0.0,6.32,5.83,4.47,4.24,8.25,7.28
4.24,6.32,0.0,4.24,4.47,3.16,2.0,4.12
8.49,5.83,4.24,0.0,7.07,2.0,5.83,8.06
5.1,4.47,4.47,7.07,0.0,5.1,5.66,3.0
7.21,4.24,3.16,2.0,5.1,0.0,5.1,6.4
3.16,8.25,2.0,5.83,5.66,5.1,0.0,4.12
2.24,7.28,4.12,8.06,3.0,6.4,4.12,0.0
