0.0,6.71,5.0,5.1,4.0,9.49,5.83,8.54,6.32,6.0
6.71,0.0,3.16,2.24,3.61,3.0,6.08,2.0,1.0,3.0
5.0,3.16,0.0,1.0,1.0,5.0,3.0,4.24,2.24,1.0
5.1,2.24,1.0,0.0,1.41,4.47,4.0,3.61,1.41,1.41
4.0,3.61,1.0,1.41,0.0,5.83,3.16,5.0,2.83,2.0
9.49,3.0,5.0,4.47,5.83,0.0,7.21,1.0,3.16,4.24
5.83,6.08,3.0,4.0,3.16,7.21,0.0,6.71,5.1,3.16
8.54,2.0,4.24,3.61,5.0,1.0,6.71,0.0,2.24,3.61
6.32,1.0,2.24,1.41,2.83,3.16,5.1,2.24,0.0,2.0
6.0,3.0,1.0,1.41,2.0,4.24,3.16,3.61,2.0,0.0
