0.0,6.08,5.39,2.83,2.83,8.49,1.0,3.0,3.61
6.08,0.0,8.94,8.54,5.0,5.0,5.1,6.32,8.25
5.39,8.94,0.0,7.0,8.06,8.06,5.83,2.83,2.0
2.83,8.54,7.0,0.0,4.0,11.31,3.61,5.39,5.0
2.83,5.0,8.06,4.0,0.0,8.94,2.24,5.39,6.4
8.49,5.0,8.06,11.31,8.94,0.0,7.81,6.71,8.54
1.0,5.1,5.83,3.61,2.24,7.81,0.0,3.16,4.24
3.0,6.32,2.83,5.39,5.39,6.71,3.16,0.0,2.0
3.61,8.25,2.0,5.0,6.4,8.54,4.24,2.0,0.0
