0.0,2.24,4.12,5.0,4.47,4.12,2.0
2.24,0.0,5.1,2.83,5.0,2.0,2.24
4.12,5.1,0.0,7.62,1.0,5.83,6.08
5.0,2.83,7.62,0.0,7.28,2.0,4.12
4.47,5.0,1.0,7.28,0.0,5.39,6.32
4.12,2.0,5.83,2.0,5.39,0.0,4.12
2.0,2.24,6.08,4.12,6.32,4.12,0.0
