0.0,6.0,5.0,8.25,1.41,6.71,2.24,2.24,5.83,7.62
6.0,0.0,5.0,2.83,7.07,3.0,5.39,7.28,3.16,3.16
5.0,5.0,0.0,5.39,5.0,7.62,6.32,4.47,7.28,4.12
8.25,2.83,5.39,0.0,9.06,5.39,8.06,9.0,5.83,1.41
1.41,7.07,5.0,9.06,0.0,8.06,3.61,1.0,7.21,8.25
6.71,3.0,7.62,5.39,8.06,0.0,5.1,8.6,1.0,6.08
2.24,5.39,6.32,8.06,3.61,5.1,0.0,4.47,4.12,7.81
2.24,7.28,4.47,9.0,1.0,8.6,4.47,0.0,7.81,8.06
5.83,3.16,7.28,5.83,7.21,1.0,4.12,7.81,0.0,6.32
7.62,3.16,4.12,1.41,8.25,6.08,7.81,8.06,6.32,0.0
