0.0,2.83,4.12,3.61,2.83,1.41,4.47,6.71,4.24
2.83,0.0,6.08,6.4,4.0,4.24,4.47,8.06,7.07
4.12,6.08,0.0,4.47,2.24,3.61,3.61,2.83,4.12
3.61,6.4,4.47,0.0,5.0,2.24,7.0,7.21,1.0
2.83,4.0,2.24,5.0,0.0,3.16,2.0,4.12,5.1
1.41,4.24,3.61,2.24,3.16,0.0,5.1,6.4,2.83
4.47,4.47,3.61,7.0,2.0,5.1,0.0,4.12,7.07
6.71,8.06,2.83,7.21,4.12,6.4,4.12,0.0,6.71
4.24,7.07,4.12,1.0,5.1,2.83,7.07,6.71,0.0
