0.0,5.66,2.0,2.83,3.16,1.41,3.16
5.66,0.0,4.47,2.83,8.6,5.83,3.16
2.0,4.47,0.0,2.0,4.24,1.41,3.16
2.83,2.83,2.0,0.0,5.83,3.16,1.41
3.16,8.6,4.24,5.83,0.0,2.83,6.32
1.41,5.83,1.41,3.16,2.83,0.0,4.0
3.16,3.16,3.16,1.41,6.32,4.0,0.0
