0.0,8.25,7.0,8.6,2.0,5.1,2.24
8.25,0.0,2.24,7.07,8.0,9.9,7.0
7.0,2.24,0.0,5.0,7.28,7.81,6.32
8.6,7.07,5.0,0.0,9.9,6.0,9.22
2.0,8.0,7.28,9.9,0.0,7.07,1.0
5.1,9.9,7.81,6.0,7.07,0.0,7.0
2.24,7.0,6.32,9.22,1.0,7.0,0.0
