0.0,4.0,7.07,2.83,8.6,7.28,3.61,4.12,2.0
4.0,0.0,8.6,2.83,7.07,7.28,3.61,1.0,4.47
7.07,8.6,0.0,5.83,6.0,3.0,5.0,7.81,5.1
2.83,2.83,5.83,0.0,5.83,5.0,1.0,2.24,2.0
8.6,7.07,6.0,5.83,0.0,3.0,5.0,6.08,7.07
7.28,7.28,3.0,5.0,3.0,0.0,4.0,6.32,5.39
3.61,3.61,5.0,1.0,5.0,4.0,0.0,2.83,2.24
4.12,1.0,7.81,2.24,6.08,6.32,2.83,0.0,4.12
2.0,4.47,5.1,2.0,7.07,5.39,2.24,4.12,0.0
