0.0,3.16,5.0,4.12,4.0,8.06,7.0,5.83
3.16,0.0,6.71,7.28,7.07,10.63,8.54,4.47
5.0,6.71,0.0,5.66,6.4,4.47,2.0,5.39
4.12,7.28,5.66,0.0,1.0,6.0,7.21,9.22
4.0,7.07,6.4,1.0,0.0,7.0,8.06,9.49
8.06,10.63,4.47,6.0,7.0,0.0,4.0,9.85
7.0,8.54,2.0,7.21,8.06,4.0,0.0,6.4
5.83,4.47,5.39,9.22,9.49,9.85,6.4,0.0
