0.0,7.07,5.83,8.06,8.54,8.25
7.07,0.0,4.47,10.82,9.85,3.16
5.83,4.47,0.0,6.4,5.39,3.16
8.06,10.82,6.4,0.0,2.0,9.22
8.54,9.85,5.39,2.0,0.0,7.81
8.25,3.16,3.16,9.22,7.81,0.0
