0.0,6.08,5.1,7.81,5.0,2.0,4.47,3.0,1.41
6.08,0.0,2.24,4.0,5.83,6.08,3.61,6.32,5.0
5.1,2.24,0.0,6.08,3.61,5.83,1.41,6.4,4.47
7.81,4.0,6.08,0.0,9.49,6.71,7.28,6.32,6.4
5.0,5.83,3.61,9.49,0.0,6.71,2.24,7.62,5.39
2.0,6.08,5.83,6.71,6.71,0.0,5.66,1.0,1.41
4.47,3.61,1.41,7.28,2.24,5.66,0.0,6.4,4.24
3.0,6.32,6.4,6.32,7.62,1.0,6.4,0.0,2.24
1.41,5.0,4.47,6.4,5.39,1.41,4.24,2.24,0.0
