0.0,5.1,10.63,8.94,2.0,3.16,2.24,7.21
5.1,0.0,8.54,5.83,5.83,5.66,3.0,7.07
10.63,8.54,0.0,3.0,9.43,8.06,10.0,4.12
8.94,5.83,3.0,0.0,8.25,7.07,7.81,4.47
2.0,5.83,9.43,8.25,0.0,1.41,3.61,5.66
3.16,5.66,8.06,7.07,1.41,0.0,4.12,4.24
2.24,3.0,10.0,7.81,3.61,4.12,0.0,7.28
7.21,7.07,4.12,4.47,5.66,4.24,7.28,0.0
