0.0,5.0,9.22,10.3,11.31,9.22,4.24,5.83,8.25,2.0
5.0,0.0,4.47,6.4,8.54,6.32,3.61,5.39,8.54,3.0
9.22,4.47,0.0,3.0,6.08,4.47,6.08,6.71,9.22,7.28
10.3,6.4,3.0,0.0,3.16,2.24,6.32,6.0,7.62,8.6
11.31,8.54,6.08,3.16,0.0,2.24,7.07,5.83,6.0,10.0
9.22,6.32,4.47,2.24,2.24,0.0,5.0,4.12,5.39,7.81
4.24,3.61,6.08,6.32,7.07,5.0,0.0,2.0,5.1,3.16
5.83,5.39,6.71,6.0,5.83,4.12,2.0,0.0,3.16,5.1
8.25,8.54,9.22,7.62,6.0,5.39,5.1,3.16,0.0,8.0
2.0,3.0,7.28,8.6,10.0,7.81,3.16,5.1,8.0,0.0
