0.0,1.0,4.47,3.0,3.0,6.4,1.0,5.0,3.61,2.0
1.0,0.0,5.0,3.16,2.0,7.07,1.41,5.66,3.16,3.0
4.47,5.0,0.0,2.24,6.4,9.22,3.61,8.06,4.12,4.0
3.0,3.16,2.24,0.0,4.24,8.94,2.0,7.62,2.0,3.61
3.0,2.0,6.4,4.24,0.0,8.6,3.16,7.21,3.16,5.0
6.4,7.07,9.22,8.94,8.6,0.0,7.21,1.41,10.0,5.39
1.0,1.41,3.61,2.0,3.16,7.21,0.0,5.83,2.83,2.24
5.0,5.66,8.06,7.62,7.21,1.41,5.83,0.0,8.6,4.12
3.61,3.16,4.12,2.0,3.16,10.0,2.83,8.6,0.0,5.0
2.0,3.0,4.0,3.61,5.0,5.39,2.24,4.12,5.0,0.0
