0.0,1.41,7.21,9.43,5.1,4.24,3.16
1.41,0.0,5.83,8.06,4.47,2.83,2.0
7.21,5.83,0.0,4.12,7.07,3.16,4.24
9.43,8.06,4.12,0.0,6.71,5.39,7.28
5.1,4.47,7.07,6.71,0.0,4.47,5.66
4.24,2.83,3.16,5.39,4.47,0.0,2.0
3.16,2.0,4.24,7.28,5.66,2.0,0.0
