0.0,5.0,1.0,3.0,10.0,8.25,7.62,6.08,3.0
5.0,0.0,4.0,5.83,8.06,8.54,3.61,1.41,2.0
1.0,4.0,0.0,3.16,9.43,8.06,6.71,5.1,2.0
3.0,5.83,3.16,0.0,7.81,5.39,7.0,6.32,4.24
10.0,8.06,9.43,7.81,0.0,4.0,5.1,7.0,8.54
8.25,8.54,8.06,5.39,4.0,0.0,7.07,8.06,8.06
7.62,3.61,6.71,7.0,5.1,7.07,0.0,2.24,5.0
6.08,1.41,5.1,6.32,7.0,8.06,2.24,0.0,3.16
3.0,2.0,2.0,4.24,8.54,8.06,5.0,3.16,0.0
