0.0,5.39,6.4,6.08,6.08,3.16,5.0,3.0,7.28
5.39,0.0,7.07,3.16,8.94,6.4,5.1,7.07,4.47
6.4,7.07,0.0,4.47,3.16,3.61,2.0,4.47,4.24
6.08,3.16,4.47,0.0,7.07,5.39,2.83,6.32,1.41
6.08,8.94,3.16,7.07,0.0,3.0,4.24,3.16,7.21
3.16,6.4,3.61,5.39,3.0,0.0,3.0,1.0,6.08
5.0,5.1,2.0,2.83,4.24,3.0,0.0,4.0,3.16
3.0,7.07,4.47,6.32,3.16,1.0,4.0,0.0,7.07
7.28,4.47,4.24,1.41,7.21,6.08,3.16,7.07,0.0
