0.0,5.83,8.25,7.07,3.0,4.12,1.0,1.0
5.83,0.0,5.83,5.66,8.54,6.08,5.39,5.0
8.25,5.83,0.0,1.41,9.43,5.0,7.28,8.06
7.07,5.66,1.41,0.0,8.06,3.61,6.08,7.0
3.0,8.54,9.43,8.06,0.0,4.47,3.16,4.0
4.12,6.08,5.0,3.61,4.47,0.0,3.16,4.47
1.0,5.39,7.28,6.08,3.16,3.16,0.0,1.41
1.0,5.0,8.06,7.0,4.0,4.47,1.41,0.0
