0.0,5.0,6.08,3.61,1.0,5.1,6.08,2.83,7.07
5.0,0.0,1.41,7.62,5.1,6.4,1.41,7.28,5.0
6.08,1.41,0.0,8.94,6.32,6.4,2.0,8.06,4.12
3.61,7.62,8.94,0.0,2.83,8.54,8.25,5.0,10.63
1.0,5.1,6.32,2.83,0.0,6.08,6.0,3.61,7.81
5.1,6.4,6.4,8.54,6.08,0.0,7.81,4.24,4.0
6.08,1.41,2.0,8.25,6.0,7.81,0.0,8.54,6.08
2.83,7.28,8.06,5.0,3.61,4.24,8.54,0.0,7.62
7.07,5.0,4.12,10.63,7.81,4.0,6.08,7.62,0.0
