0.0,10.3,9.22,2.0,3.0,4.47,6.08,7.62,7.62,6.71
10.3,0.0,3.61,11.4,7.81,5.83,5.0,2.83,6.32,6.08
9.22,3.61,0.0,10.82,7.62,5.39,6.0,4.12,3.0,3.16
2.0,11.4,10.82,0.0,3.61,5.66,6.71,8.6,9.49,8.54
3.0,7.81,7.62,3.61,0.0,2.24,3.16,5.0,7.0,6.0
4.47,5.83,5.39,5.66,2.24,0.0,2.24,3.16,5.1,4.12
6.08,5.0,6.0,6.71,3.16,2.24,0.0,2.24,6.71,5.83
7.62,2.83,4.12,8.6,5.0,3.16,2.24,0.0,5.66,5.0
7.62,6.32,3.0,9.49,7.0,5.1,6.71,5.66,0.0,1.0
6.71,6.08,3.16,8.54,6.0,4.12,5.83,5.0,1.0,0.0
