0.0,5.83,1.41,1.0,10.0,3.61,2.24,8.06,3.0
5.83,0.0,5.66,5.39,4.24,3.0,3.61,3.61,5.0
1.41,5.66,0.0,2.24,9.9,4.12,2.24,7.28,4.12
1.0,5.39,2.24,0.0,9.43,2.83,2.0,8.0,2.0
10.0,4.24,9.9,9.43,0.0,6.71,7.81,5.0,8.54
3.61,3.0,4.12,2.83,6.71,0.0,2.0,6.32,2.0
2.24,3.61,2.24,2.0,7.81,2.0,0.0,6.0,2.83
8.06,3.61,7.28,8.0,5.0,6.32,6.0,0.0,8.25
3.0,5.0,4.12,2.0,8.54,2.0,2.83,8.25,0.0
