0.0,6.08,9.43,4.12,7.07,6.08
6.08,0.0,7.07,7.62,4.12,2.0
9.43,7.07,0.0,7.21,3.0,9.06
4.12,7.62,7.21,0.0,6.08,8.6
7.07,4.12,3.0,6.08,0.0,6.08
6.08,2.0,9.06,8.6,6.08,0.0
