0.0,6.08,7.07,7.81,7.07,9.49,7.0,8.54,7.21,2.0
6.08,0.0,9.22,5.1,4.12,8.54,8.49,7.62,3.0,8.06
7.07,9.22,0.0,6.08,6.32,4.47,1.0,4.12,7.62,7.07
7.81,5.1,6.08,0.0,1.0,3.61,5.1,2.83,2.24,9.22
7.07,4.12,6.32,1.0,0.0,4.47,5.39,3.61,1.41,8.6
9.49,8.54,4.47,3.61,4.47,0.0,3.61,1.0,5.83,10.3
7.0,8.49,1.0,5.1,5.39,3.61,0.0,3.16,6.71,7.28
8.54,7.62,4.12,2.83,3.61,1.0,3.16,0.0,5.0,9.43
7.21,3.0,7.62,2.24,1.41,5.83,6.71,5.0,0.0,8.94
2.0,8.06,7.07,9.22,8.6,10.3,7.28,9.43,8.94,0.0
