0.0,1.0,5.0,3.0,5.83,8.06,2.0,6.08,6.4,4.47
1.0,0.0,5.83,2.0,5.39,7.62,2.24,6.0,7.21,4.12
5.0,5.83,0.0,7.62,7.28,8.94,4.12,5.83,1.41,6.08
3.0,2.0,7.62,0.0,5.0,7.07,3.61,6.32,8.94,4.12
5.83,5.39,7.28,5.0,0.0,2.24,4.24,2.24,8.06,1.41
8.06,7.62,8.94,7.07,2.24,0.0,6.4,3.16,9.49,3.61
2.0,2.24,4.12,3.61,4.24,6.4,0.0,4.12,5.39,2.83
6.08,6.0,5.83,6.32,2.24,3.16,4.12,0.0,6.32,2.24
6.4,7.21,1.41,8.94,8.06,9.49,5.39,6.32,0.0,7.0
4.47,4.12,6.08,4.12,1.41,3.61,2.83,2.24,7.0,0.0
